0 1 1 1,0000311111107 1,00003111111111
0,001 86304301423,5781 86304301422,5781 86306986445,2468 86306986446,2888
0,002 171800288453,535 85495987029,957 85495987029,966 171802973476,246
0,003 256495531653,947 84695243200,4121 84697878163,5353 256500851639,781
0,004 340397530683,016 83901999029,0684 83901999029,0305 340402850668,85
0,005 423513714958,162 83116184275,1465 83116184275,1586 423519034943,997
0,006 505851444313,894 82337729355,7314 82340290973,9751 505859325917,973
0,007 587418009653,5 81566565339,6064 81566565339,6443 587425891257,575
0,008 668220633594,661 80802623941,1611 80805137800,5032 668231029058,148
0,009 748266471109 80045837514,3389 80045837514,3409 748276866572,49
0,01 827562610155,644 79296139046,6436 79298606037,6484 827575472610,128
0,011 906116072308,851 78553462153,207 78553462153,2329 906128934763,34
0,012 983933813379,773 77817741070,9229 77820162067,2634 983949096830,649
0,013 1061022724032,38 77088910652,6016 77088910652,6362 1061038007483,25
0,014 1137389630393,59 76366906361,2188 76369282220,5183 1137407289703,76
0,015 1213041294657,79 75651664264,1963 75651664264,1875 1213058953967,96
0,016 1287984415685,53 74943121027,7363 74945452591,4584 1288004406559,46
0,017 1362225629596,75 74241213911,2188 74243523637,8365 1362247930197,34
0,018 1435771510358,39 73545880761,6455 73548168855,7061 1435796099053,05
0,019 1508628570366,52 72857060008,1299 72857060008,1305 1508653159061,18
0,02 1580803261022,97 72174690656,4541 72176936091,2127 1580830095152,46
0,021 1652301973306,64 71498712283,6641 71500936688,022 1652331031840,5
0,022 1723131038339,35 70829065032,7158 70829065032,7607 1723160096873,21
0,023 1793296727946,54 70165689607,1816 70165689607,2124 1793325786480,4
0,024 1862805255212,53 69508527265,9912 69510689753,4491 1862836476233,91
0,025 1931662775030,77 68857519818,2422 68859662052,1472 1931696138286,12
0,026 1999875384648,81 68212609618,0361 68214731788,0911 1999910870074,23
0,027 2067449124208,18 67573739559,376 67575841853,4367 2067486711927,72
0,028 2134389977279,3 66940853071,1182 66940853071,1774 2134427564998,84
0,029 2200703871391,25 66313894111,9492 66315957210,8544 2200743522209,71
0,03 2266396678556,69 65692807165,4385 65694850941,6283 2266438373151,38
0,031 2331474215791,8 65077537235,1104 65077537235,1388 2331515910386,48
0,032 2395942245631,37 64468029839,5762 64470035511,5732 2395985945898,1
0,033 2459806476639,09 63864231007,7207 63864231007,7058 2459850176905,82
0,034 2523072563913 63266087273,9063 63266087273,9192 2523116264179,73
0,035 2585746109586,25 62673545673,252 62673545673,2318 2585789809852,98
0,036 2647832663323,19 62086553736,9395 62086553736,9271 2647876363589,92
0,037 2709337722810,76 61505059487,5635 61505059487,6061 2709381423077,48
0,038 2770266734245,29 60929011434,5322 60930907003,7547 2770312330081,26
0,039 2830625092814,8 60358358569,5088 60360236385,078 2774219150036,47
0,04 2890418143176,69 59793050361,8936 59793050361,9212 2190772747603,99
0,041 2949651179931,04 59233036754,3516 59233036754,3596 1984190551116,48
0,042 3008329448089,42 58678268158,373 58678268158,3883 2042868819274,86
0,043 3066458143539,31 58128695449,8916 58128695449,9241 2100997514724,75
0,044 3124042413504,24 57584269964,9287 57584269964,9463 2158581784689,69
0,045 3181087356999,52 57044943495,2891 57046718226,8631 2215628502916,55
0,046 3237598025283,8 56510668284,2793 56512426393,9406 2272140929310,5
0,047 3293579422306,31 55981397022,5029 55983138665,9399 2328124067976,46
0,048 3349036505149,95 55457082843,6455 55457082843,6637 2270873580530,71
0,049 3403974184470,29 54937679320,3418 54939388492,5827 1777732137853,52
0,05 3458397324930,35 54423140460,0557 54423140460,0293 1546094607844,93
0,051 3512310745631,36 53913420701,0137 53913420700,988 1522873398666,24
0,052 3565719220539,53 53408474908,166 53408474908,2063 1556858395339,22
0,053 3618627478908,72 52908258369,1924 52909904403,8838 1609768299743,12
0,054 3671040205699,26 52412726790,543 52414357408,7057 1662182657151,82
0,055 3722962041992,78 51921836293,5127 51921836293,518 1693103516987,5
0,056 3774397585403,13 51435543410,3574 51435543410,3421 1744539060397,86
0,057 3825351390483,59 50953805080,4561 50955390309,9505 1795494450707,81
0,058 3875827969130,06 50476578646,4736 50478149028,8816 1845972599736,73
0,059 3925831790980,67 50003821850,6035 50005377525,0324 1895977977261,78
0,06 3975367283811,5 49535492830,8291 49535492830,859 1945513470092,61
0,061 4024438833928,69 49071550117,1895 49073076787,6209 1994586546880,24
0,062 4073050786556,83 48611952628,1416 48611952628,1566 1986618929076,88
0,063 4121207446223,73 48156659666,8984 48158157874,0743 1826964089421
0,064 4168913077141,56 47705630917,8379 47707115093,0201 1779461849056,06
0,065 4216171903584,49 47258826442,9248 47260296717,5232 1769331278320,81
0,066 4262988110262,67 46816206678,1797 46816206678,1856 1777153604713,04
0,067 4309365842692,84 46377732430,1758 46379175292,9916 1823532780006
0,068 4355309207565,41 45943364872,5615 45944794221,7049 1869477574227,68
0,069 4400822273108,04 45513065542,6387 45513065542,6119 1914990639770,32
0,07 4445909069445,97 45086796337,9287 45088199038,2516 1960078838808,58
0,071 4490573588958,8 44664519512,8291 44664519512,8114 2004743358321,42
0,072 4534819786634,06 44246197675,2568 44246197675,2474 2048989555996,68
0,073 4578651580417,39 43831793783,3271 43833157439,1352 2092822713435,82
0,074 4622072851559,49 43421271142,1006 43421271142,1239 2136243984577,91
0,075 4665087444959,79 43014593400,3027 43014593400,3337 2179258577978,21
0,076 4707699169506,92 42611724547,127 42611724547,1494 2221870302525,33
0,077 4749911798415,96 42212628909,043 42213942190,8349 2264084244716,15
0,078 4791729069562,58 41817271146,623 41818572128,3712 2305902816844,55
0,079 4833154685814,02 41425616251,4365 41425616251,4501 2347328433095,99
0,08 4874192315356,95 41037629542,9277 41038906269,1754 2388367339365,17
0,081 4914845592022,3 40653276665,3555 40653276665,3896 2429020616030,53
0,082 4955118115607,06 40272523584,7559 40272523584,769 2469293139615,29
0,083 4995013452192,97 39895336585,9141 39895336585,9085 2509188476201,21
0,084 5034535134462,37 39521682269,3945 39522911832,8141 2548711388034,06
0,085 5073686662010,94 39151527548,5713 39151527548,6014 2587862915582,62
0,086 5112471501657,64 38784839646,7061 38784839646,7223 2626647755229,33
0,087 5150893087751,69 38421586094,0439 38422781432,2677 2665070536661,61
0,088 5188954822476,62 38061734724,9326 38062918867,7796 2703133455529,4
0,089 5226660076151,6 37705253674,9834 37705253674,9934 2740838709204,39
0,09 5264012187529,85 37352111378,2451 37352111378,2656 2778190820582,62
0,091 5301014464094,25 37002276564,4043 37002276564,4345 2815193097147,03
0,092 5337670182350,28 36655718256,0273 36656858656,1294 2851849955803,16
0,093 5373982588116,09 36312405765,8066 36312405765,8176 2888162361568,95
0,094 5409954896809,94 35972308693,8486 35972308693,8638 2924134670262,79
0,095 5445590293734,92 35635396924,9834 35636505581,7611 2959771175844,58
0,096 5480891934361,01 35301640626,0928 35301640626,1098 2995072816470,68
0,097 5515862944604,48 34971010243,4717 34972098230,437 3030044914701,12
0,098 5550506421104,7 34643476500,2139 34644554297,2504 3064689468998,38
0,099 5584825431498,31 34319010393,6133 34320078096,1469 3099009547094,54
0,1 5618823014690,91 33997583192,6006 33997583192,6149 3133007130287,15
0,101 5652502181126,11 33679166435,1973 33679166435,225 3166686296722,36
0,102 5685865913052,11 33363731925,999 33364769908,7553 3200051066631,12
0,103 5718917164785,78 33051251733,6709 33052279994,8169 3233103346625,94
0,104 5751658862974,26 32741698188,4814 32741698188,4966 3265845044814,42
0,105 5784093906854,11 32435043879,8525 32436052970,1045 3298281097784,53
0,106 5816225168508,04 32131261653,9229 32131261653,9498 3330412359438,47
0,107 5848055493119,2 31830324611,1592 31830324611,183 3362242684049,64
0,108 5879587699223,16 31532206103,9619 31533187105,9128 3393775871155,55
0,109 5910824578957,46 31236879734,3037 31236879734,3093 3425012750889,86
0,11 5941768898308,87 30944319351,4102 30945282063,5741 3455958032953,43
0,111 5972423397358,29 30654499049,415 30654499049,4174 3486612532002,85
0,112 6002790790523,39 30367393165,1006 30367393165,1083 3516979925167,95
0,113 6032873766798,98 30082976275,5938 30082976275,5939 3547062901443,55
0,114 6062674989995,11 29801223196,1328 29802150345,3147 3576865051788,85
0,115 6092197098972,95 29522108977,8398 29522108977,8464 3606387160766,7
0,116 6121442707878,44 29245608905,4902 29245608905,5028 3635632769672,19
0,117 6150414406373,8 28971698495,3535 28972599837,0598 3664605369509,26
0,118 6179114759866,8 28700353493,002 28700353492,9968 3693305723002,27
0,119 6207546309737,98 28431549871,1777 28432434408,2615 3721738157410,54
0,12 6235711573565,62 28165263827,6465 28165263827,659 3749903421238,19
0,121 6263613045348,74 27901471783,1182 27901471783,1102 3777804893021,31
0,122 6291253195727,88 27640150379,1357 27640150379,148 3805445043400,46
0,123 6318634472203,89 27381276476,0117 27382128337,9581 3832827171738,41
0,124 6345759299354,68 27124827150,7871 27124827150,7746 3859951998889,19
0,125 6372630079049,87 26870779695,1914 26871615675,0073 3886823614564,19
0,126 6399249190663,51 26619111613,6426 26619111613,6514 3913442726177,84
0,127 6425618991284,75 26369800621,2422 26369800621,2316 3939812526799,08
0,128 6451741815926,57 26122824641,8145 26122824641,8234 3965935351440,9
0,129 6477619977732,51 25878161805,9434 25878161805,9273 3991813513246,84
0,13 6503255768181,55 25635790449,043 25635790449,0613 4017449303695,9
0,131 6528651457290,98 25395689109,4258 25395689109,4156 4042844992805,31
0,132 6553809293817,4 25157836526,4238 25158619214,6758 4068003612019,99
0,133 6578731505455,89 24922211638,4834 24922986996,1749 4092926599016,17
0,134 6603420299037,2 24688793581,3154 24688793581,3283 4117615392597,5
0,135 6627877860723,24 24457561686,042 24458322587,9511 4142073715185,45
0,136 6652106356200,61 24228495477,3672 24228495477,3817 4166302210662,83
0,137 6676107930872,37 24001574671,7637 24002321387,4217 4190304532050,27
0,138 6699884710048,05 23776779175,6768 23777518897,6955 4214082050947,96
0,139 6723438799131,8 23554089083,7461 23554821877,6285 4237636872825,61
0,14 6746772283808,84 23333484677,04 23333484677,0377 4260970357502,63
0,141 6769887230230,15 23114946421,3154 23114946421,3006 4284085303923,91
0,142 6792785685195,43 22898454965,2822 22899167361,656 4306984471285,56
0,143 6815469676334,32 22683991138,8896 22683991138,9 4329668462424,47
0,144 6837941212285,96 22471535951,6357 22472235066,0752 4352140697490,54
0,145 6860202282876,84 22261070590,876 22261070590,8935 4374401768081,44
0,146 6882254859297 22052576420,166 22052576420,1607 4396454344501,58
0,147 6904100894274,61 21846034977,6094 21846034977,6037 4418300379479,15
0,148 6925742322248,83 21641427974,2168 21641427974,2206 4439941807453,35
0,149 6947181059541,12 21438737292,29 21438737292,2824 4461380544745,61
0,15 6968419004524,95 21237944983,8271 21237944983,8236 4482618489729,4
0,151 6989458037793,86 21039033268,918 21039033268,9156 4503657522998,3
0,152 7010300022328,04 20841984534,1758 20841984534,1862 4524499507532,49
0,153 7030946803659,22 20646781331,1826 20647423675,4918 4545146931208
0,154 7051400210034,16 20453406374,9404 20453406374,9386 4565600337582,91
0,155 7071662052576,49 20261842542,332 20261842542,3341 4585862180125,25
0,156 7091734125447,12 20072072870,624 20072697335,097 4605934877460,34
0,157 7111618206003,07 19884080555,9473 19884699171,7819 4625819576632,15
0,158 7131316054954,88 19697848951,8154 19697848951,8132 4645517425583,93
0,159 7150829416522,54 19513361567,6543 19513968650,0092 4665031394233,94
0,16 7170160018589,87 19330602067,333 19330602067,3486 4684361996301,29
0,161 7189309572857,6 19149554267,7275 19150150031,6342 4703512146332,95
0,162 7208279774994,88 18970202137,2813 18970202137,2945 4722482348470,26
0,163 7227072304789,46 18792529794,585 18793114451,0668 4741275462921,33
0,164 7245688826296,44 18616521506,9766 18617100687,6365 4759892563608,96
0,165 7264130987985,58 18442161689,1396 18442735445,2749 4778335299054,27
0,166 7282400422887,31 18269434901,7285 18270003284,1462 4796605302338,45
0,167 7300498748737,31 18098325850,0068 18098325850,0148 4814703628188,44
0,168 7318427568119,79 17928819382,4746 17928819382,4784 4832632447570,88
0,169 7336188468609,34 17760900489,5508 17760900489,5586 4850393348060,44
0,17 7353783022911,56 17594554302,2227 17595101688,3478 4867988449748,78
0,171 7371212789002,31 17429766090,7451 17429766090,7505 4885418215839,49
0,172 7388479310265,63 17266521263,3281 17267058443,9888 4902685274283,48
0,173 7405584115630,48 17104805364,8438 17104805364,8542 4919790079648,34
0,174 7422528719706,03 16944604075,5518 16945131241,017 4936735210889,37
0,175 7439314622915,86 16785903209,8271 16786425437,9238 4953521636327,29
0,176 7455943311630,76 16628688714,9063 16629206051,876 4970150842379,19
0,177 7472416258300,41 16472946669,6426 16473459161,3025 4986624301540,53
0,178 7488734921583,68 16318663283,2715 16318663283,2848 5002942964823,79
0,179 7504900746477,87 16165824894,1895 16165824894,1969 5019108789717,99
0,18 7520915164446,62 16014417968,751 16014916195,0823 5035123705913,11
0,181 7536779593546,68 15864429100,0596 15864429100,0695 5050988135013,15
0,182 7552495438553,47 15715845006,7891 15715845006,7918 5066703980019,94
0,183 7568064091085,47 15568652532,002 15568652532,0043 5082272632551,94
0,184 7583486929727,46 15422838641,9883 15423318463,6256 5097695951015,6
0,185 7598765320152,57 15278390425,1104 15278865752,8026 5112974816768,4
0,186 7613900615243,23 15135295090,6582 15135295090,6654 5128110111859,03
0,187 7628894155210,95 14993539967,7207 14993539967,7268 5143103651826,77
0,188 7643747267715 14853112504,0537 14853112504,0628 5157956764330,79
0,189 7658461267979,99 14714000264,9854 14714458033,8824 5172671222364,67
0,19 7673037458912,28 14576190932,2959 14576190932,305 5187247413296,95
0,191 7687477131215,43 14439672303,1445 14439672303,1546 5201687085600,1
0,192 7701781563504,4 14304432288,9736 14304432288,9784 5215991517889,04
0,193 7715952022418,85 14170458914,4512 14170899773,1676 5230162417662,21
0,194 7729989762735,25 14037740316,4004 14038177046,0973 5244200594708,34
0,195 7743896027478 13906264742,7539 13906264742,7646 5258106859451,12
0,196 7757672048029,52 13776020551,5166 13776020551,5222 5271882880002,61
0,197 7771319044239,25 13646996209,7256 13646996209,7335 5285529876212,3
0,198 7784838224531,68 13519180292,4365 13519600889,1564 5299049477101,5
0,199 7798230786013,39 13392561481,708 13392978139,1673 5312442455240,65
0,2 7811497914579 13267128565,6045 13267541320,7062 5325709996561,4
***
